image: shapes1.pgm
resolution: 0.010000
origin: [-4.049005, -3.322467, 0.000000]
negate: 0
occupied_thresh: 0.65
free_thresh: 0.196

